
 0h00:24.688 2025/10/03T21:25:25z: PMSX003-B (1888ms)
 0h00:25.689 2025/10/03T21:25:26z: PMSX003-A (999ms)
 0h00:25.691 2025/10/03T21:25:26z: 2.0+DS3231+BME280+PMSX003-B+PMSX003-A
 0h00:27.550 2025/10/03T21:25:28z: DATA A(2),77,52,58,987.96,0.00,36704,0,27,2,2,2,2,2,2,8,8,495,142,8,3,0,0
 0h00:28.438 2025/10/03T21:25:29z: DATA A(3),77,52,58,987.98,0.00,36704,0,28,2,2,2,2,2,2,8,8,495,142,8,3,0,0
 0h00:29.397 2025/10/03T21:25:30z: DATA A(4),77,52,58,987.97,0.00,36704,0,29,1,2,2,1,2,2,8,8,468,131,8,3,0,0
 0h00:30.286 2025/10/03T21:25:30z: DATA A(5),77,52,58,987.97,0.00,36704,0,30,1,2,2,1,2,2,8,8,468,131,8,3,0,0
 0h00:31.964 2025/10/03T21:25:32z: DATA B(2),77,52,58,988.00,0.00,36704,0,31,0,1,1,0,1,1,4,4,465,109,10,0,0,0
 0h00:32.846 2025/10/03T21:25:33z: DATA B(3),77,52,58,987.98,0.00,36704,0,32,0,1,1,0,1,1,4,4,465,109,10,0,0,0
 0h00:33.728 2025/10/03T21:25:34z: DATA B(4),77,52,58,987.99,0.00,36704,0,33,0,1,1,0,1,1,4,4,465,109,10,0,0,0
 0h00:34.679 2025/10/03T21:25:35z: DATA B(5),77,52,58,987.95,0.00,36704,0,34,1,1,1,1,1,1,4,4,489,117,10,0,0,0
 0h00:35.561 2025/10/03T21:25:36z: DATA B(6),77,52,58,987.95,0.00,36704,0,35,1,1,1,1,1,1,4,4,489,117,10,0,0,0
 0h00:37.439 2025/10/03T21:25:38z: DATA A(6),77,52,58,987.99,0.00,36704,0,37,1,2,2,1,2,2,8,8,426,115,10,3,0,0
 0h00:38.285 2025/10/03T21:25:38z: DATA A(7),77,52,58,987.97,0.00,36704,0,38,1,2,2,1,2,2,8,8,426,115,10,3,0,0
 0h00:39.132 2025/10/03T21:25:39z: DATA A(8),77,52,58,987.98,0.00,36704,0,39,1,2,2,1,2,2,8,8,426,115,10,3,0,0
 0h00:40.050 2025/10/03T21:25:40z: DATA A(9),77,52,58,987.97,0.00,36704,0,40,1,2,2,1,2,2,8,8,432,115,10,3,0,0
 0h00:40.897 2025/10/03T21:25:41z: DATA A(10),77,52,58,987.95,0.00,36704,0,40,1,2,2,1,2,2,8,8,432,115,10,3,0,0
 0h00:42.825 2025/10/03T21:25:43z: DATA B(7),77,52,58,987.98,0.00,36704,0,42,1,1,1,1,1,1,4,4,528,123,14,0,0,0
 0h00:43.711 2025/10/03T21:25:44z: DATA B(8),77,52,58,987.99,0.00,36704,0,43,1,1,1,1,1,1,4,4,528,123,14,0,0,0
 0h00:44.589 2025/10/03T21:25:45z: DATA B(9),76,52,57,987.72,0.00,36704,0,44,1,1,1,1,1,1,4,4,528,123,14,0,0,0
 0h00:45.540 2025/10/03T21:25:46z: DATA B(10),77,52,58,987.97,0.00,36392,0,45,1,1,1,1,1,1,4,4,510,125,14,0,0,0
 0h00:47.883 2025/10/03T21:25:48z: DATA A(11),77,52,58,987.94,0.00,36704,0,47,1,2,2,1,2,2,8,8,375,100,15,4,0,0
 0h00:48.730 2025/10/03T21:25:49z: DATA A(12),77,52,58,987.95,0.00,36704,0,48,1,2,2,1,2,2,8,8,375,100,15,4,0,0
 0h00:49.577 2025/10/03T21:25:50z: DATA A(13),77,52,58,987.99,0.00,36704,0,49,1,2,2,1,2,2,8,8,375,100,15,4,0,0
 0h00:50.494 2025/10/03T21:25:51z: DATA A(14),77,52,58,987.97,0.00,36704,0,50,1,2,2,1,2,2,8,8,324,86,13,2,0,0
 0h00:52.734 2025/10/03T21:25:53z: DATA B(11),77,52,58,988.00,0.00,36704,0,52,1,1,1,1,1,1,4,4,438,111,18,0,0,0
 0h00:53.686 2025/10/03T21:25:54z: DATA B(12),77,52,58,987.99,0.00,36704,0,53,0,1,1,0,1,1,4,4,375,98,20,0,0,0
 0h00:54.567 2025/10/03T21:25:55z: DATA B(13),77,52,58,987.96,0.00,36704,0,54,0,1,1,0,1,1,4,4,375,98,20,0,0,0